29 28
1 1 1 1 1 1 1 1 1 1 1 1 1 1 1 1 1 1 1 1 1 1 1 1 1 1 1 1 
1 2 2 2 2 2 2 2 2 2 2 2 2 1 1 2 2 2 2 2 2 2 2 2 2 2 2 1 
1 2 1 1 1 1 2 1 1 1 1 1 2 1 1 2 1 1 1 1 1 2 1 1 1 1 2 1 
1 3 1 0 0 1 2 1 0 0 0 1 2 1 1 2 1 0 0 0 1 2 1 0 0 1 3 1 
1 2 1 0 0 1 2 1 0 0 0 1 2 1 1 2 1 0 0 0 1 2 1 0 0 1 2 1 
1 2 1 1 1 1 2 1 1 1 1 1 2 1 1 2 1 1 1 1 1 2 1 1 1 1 2 1 
1 2 2 2 2 2 2 2 2 2 2 2 2 2 2 2 2 2 2 2 2 2 2 2 2 2 2 1 
1 2 1 1 1 1 2 1 1 2 1 1 1 1 1 1 1 1 2 1 1 2 1 1 1 1 2 1 
1 2 1 1 1 1 2 1 1 2 1 1 1 1 1 1 1 1 2 1 1 2 1 1 1 1 2 1 
1 2 2 2 2 2 2 1 1 2 2 2 2 1 1 2 2 2 2 1 1 2 2 2 2 2 2 1 
1 1 1 1 1 1 2 1 1 1 1 1 0 1 1 0 1 1 1 1 1 2 1 1 1 1 1 1 
0 0 0 0 0 1 2 1 1 1 1 1 0 1 1 0 1 1 1 1 1 2 1 0 0 0 0 0 
0 0 0 0 0 1 2 1 1 0 0 0 0 0 0 0 0 0 0 1 1 2 1 0 0 0 0 0 
0 0 0 0 0 1 2 1 1 0 1 1 1 0 0 1 1 1 0 1 1 2 1 0 0 0 0 0 
1 1 1 1 1 1 2 1 1 0 1 0 0 0 0 0 0 1 0 0 0 2 1 1 1 1 1 1 
0 0 0 0 0 0 2 0 0 0 1 0 0 0 0 0 0 1 0 1 1 2 0 0 0 0 0 0 
1 1 1 1 1 1 2 1 1 0 1 1 1 1 1 1 1 1 0 1 1 2 1 1 1 1 1 1 
0 0 0 0 0 1 2 1 1 0 0 0 0 0 0 0 0 0 0 1 1 2 1 0 0 0 0 0 
1 1 1 1 1 1 2 1 1 0 1 1 1 1 1 1 1 1 0 1 1 2 1 1 1 1 1 1 
1 2 2 2 2 2 2 2 2 2 2 2 2 1 1 2 2 2 2 2 2 2 2 2 2 2 2 1 
1 2 1 1 1 1 2 1 1 1 1 1 2 1 1 2 1 1 1 1 1 2 1 1 1 1 2 1 
1 2 1 1 1 1 2 1 1 1 1 1 2 1 1 2 1 1 1 1 1 2 1 1 1 1 2 1 
1 3 2 2 1 1 2 2 2 2 0 0 0 0 2 2 2 2 2 2 2 2 1 1 2 2 3 1 
1 1 1 2 1 1 2 1 1 2 1 1 1 1 1 1 1 1 2 1 1 2 1 1 2 1 1 1 
1 1 1 2 1 1 2 1 1 2 1 1 1 1 1 1 1 1 2 1 1 2 1 1 2 1 1 1 
1 2 2 2 2 2 2 1 1 2 2 2 2 1 1 2 2 2 2 1 1 2 2 2 2 2 2 1 
1 2 1 1 1 1 1 1 1 1 1 1 2 1 1 2 1 1 1 1 1 1 1 1 1 1 2 1 
1 2 2 2 2 2 2 2 2 2 2 2 2 2 2 2 2 2 2 2 2 2 2 2 2 2 2 1 
1 1 1 1 1 1 1 1 1 1 1 1 1 1 1 1 1 1 1 1 1 1 1 1 1 1 1 1 
3 30
6
f 408 300 -1 0
f 378 298 0 1
f 378 286 0 1
f 308 284 0 1
p 300 440 -1 0

1